cluster_max_size: 388
cluster_min_size: 25
cluster_tol: 0.045000000000000005
plane_dist_thresh: 0.016
plane_max_iter: 25
ror_min_neighbors: 20
ror_radius_search: 0.029000000000000005
voxel_leaf_size: 0.003
x_filter_max: 0.20999999999999996
x_filter_min: -0.16999999999999998
y_filter_max: 0.15000000000000002
y_filter_min: -0.07
z_filter_max: 0.75
z_filter_min: 0.56
