- child_frame_id: wx250s/base_link
  frame_id: camera_color_optical_frame
  qw: 0.5268610202032966
  qx: 0.46419986777138994
  qy: -0.5020681000544575
  qz: 0.5048401440645078
  x: 0.061860251090227525
  y: 0.375749957460158
  z: 0.3180834300879557
